115200 100.0
188675 100.0
509188 0.0
556298 0.0
247563 0.0
155522 0.0
242450 100.0
427139 0.0
48916 100.0
445463 0.0
600770 0.0
92450 100.0
528166 0.0
187943 100.0
190762 0.0
12332 100.0
238557 90.0
142902 0.0
382315 0.0
315452 0.0
428863 100.0
217921 100.0
268555 100.0
342087 100.0
13896 0.0
210761 100.0
57422 0.0
181585 0.0
224595 0.0
364374 100.0
344158 100.0
99935 100.0
329058 100.0
402792 100.0
27499 100.0
43628 100.0
211566 0.0
488564 100.0
5237 100.0
336502 0.0
85012 100.0
319866 100.0
303423 0.0
525951 100.0
528002 100.0
602243 100.0
257158 0.0
533639 100.0
180618 100.0
510603 100.0
57791 100.0
78477 100.0
387982 100.0
316815 100.0
484497 0.0
386887 0.0
367509 100.0
517337 100.0
92066 0.0
419748 100.0
419241 0.0
532650 100.0
17863 0.0
246957 0.0
21683 0.0
525493 0.0
182489 100.0
4283 0.0
456895 100.0
155330 0.0
370371 0.0
283332 0.0
538823 0.0
119752 0.0
66765 100.0
106447 0.0
144592 0.0
258003 100.0
320706 0.0
523223 0.0
333784 100.0
378073 0.0
296155 100.0
61148 0.0
121082 100.0
120443 0.0
29323 100.0
181286 0.0
475878 100.0
557544 100.0
145897 0.0
599530 0.0
563692 0.0
507377 100.0
377333 100.0
349451 0.0
176889 100.0
235514 0.0
16249 100.0
406012 0.0
103338 0.0
