112642 90.0
297989 90.0
457354 90.0
120328 90.0
153097 90.0
493655 90.0
124428 90.0
548098 90.0
477870 90.0
392726 90.0
197656 90.0
176588 90.0
294427 90.0
40476 90.0
79902 90.0
454149 90.0
569179 90.0
158948 90.0
173094 90.0
39975 90.0
344617 90.0
237610 90.0
219179 90.0
583090 90.0
249902 90.0
205871 90.0
186098 90.0
550452 90.0
428598 90.0
254519 90.0
280245 90.0
67136 90.0
349250 90.0
190019 90.0
534596 90.0
440901 90.0
507696 90.0
179785 90.0
558154 90.0
349771 90.0
567378 90.0
488803 90.0
288340 90.0
517718 90.0
18519 90.0
532569 90.0
10843 90.0
195167 90.0
528144 90.0
269414 90.0
105502 90.0
196203 90.0
161901 90.0
580720 90.0
310379 90.0
56437 90.0
323933 90.0
263294 90.0
497792 90.0
147073 80.0
507010 90.0
142979 90.0
74262 90.0
131721 90.0
56970 90.0
238223 90.0
123025 90.0
516754 90.0
521369 90.0
304287 90.0
19106 90.0
55971 90.0
46759 90.0
514730 90.0
188078 90.0
546992 90.0
255153 90.0
75445 90.0
207030 90.0
225587 90.0
219322 90.0
137915 90.0
490684 90.0
423102 90.0
131263 90.0
180171 90.0
460065 90.0
327881 90.0
2255 90.0
504528 90.0
153809 90.0
322770 90.0
390355 90.0
398037 90.0
451800 90.0
541988 90.0
442074 90.0
383195 90.0
41693 90.0
425182 90.0
25311 90.0
325346 90.0
234212 90.0
22757 90.0
248550 90.0
397543 90.0
470248 90.0
123260 90.0
491757 90.0
70896 90.0
235250 90.0
417011 90.0
196852 90.0
173301 90.0
227064 90.0
587636 90.0
288237 90.0
574204 90.0
490754 90.0
578821 90.0
540934 90.0
185095 90.0
261386 90.0
75757 90.0
199439 90.0
47888 90.0
230673 90.0
366723 90.0
453396 90.0
482069 90.0
363219 90.0
248089 90.0
577309 90.0
257310 90.0
288560 90.0
402723 90.0
454436 90.0
134437 90.0
175835 90.0
445735 90.0
199467 90.0
34525 90.0
325936 90.0
591590 90.0
210226 90.0
111411 90.0
397620 90.0
553890 90.0
601402 90.0
275261 90.0
191809 90.0
213829 90.0
222533 90.0
543790 90.0
55629 90.0
556366 90.0
18260 90.0
140118 90.0
181079 90.0
436056 90.0
224051 90.0
121743 90.0
146781 90.0
361313 90.0
393059 80.0
85222 90.0
459622 90.0
112273 90.0
354153 90.0
457583 90.0
119154 90.0
566644 90.0
200053 90.0
568182 90.0
113017 90.0
248699 90.0
189820 90.0
418175 90.0
359811 90.0
185665 90.0
318345 90.0
583222 90.0
375693 90.0
371598 90.0
408557 90.0
295315 90.0
283541 90.0
491417 90.0
123601 80.0
489371 90.0
180037 90.0
502177 90.0
546722 90.0
34947 90.0
182140 90.0
270248 90.0
556458 90.0
21931 90.0
440749 90.0
567726 90.0
205234 90.0
318901 90.0
129462 90.0
102328 90.0
569785 90.0
235966 90.0
387522 90.0
431048 90.0
95689 90.0
46539 90.0
1996 90.0
324045 90.0
466895 90.0
136867 90.0
503258 90.0
492607 90.0
259552 90.0
23521 90.0
97762 90.0
381411 90.0
532453 90.0
71149 90.0
410606 90.0
192496 90.0
463859 90.0
539126 90.0
156663 90.0
481274 90.0
194044 90.0
